8
Lactococcus_phage 0.0 0.05691388264432365 0.029334116324319346 0.02960675457619887 0.05699713984028023 0.08711499557312868 0.0654396587496689 0.1158045761673299
KM389305.1 0.05691388264432365 0.0 0.04036546619504088 0.0584919190383824 0.049956959910469036 0.043845832957650085 0.06862140373028158 0.0698193235172683
NC_028697.1 0.029334116324319346 0.04036546619504088 0.0 0.031616720871685614 0.04162377960938113 0.06682335715441717 0.06859829458295177 0.09495828943104613
KC821626.1 0.02960675457619887 0.0584919190383824 0.031616720871685614 0.0 0.06268911625965212 0.08888544018744543 0.06883147879478159 0.11516530044457703
coronavirus 0.05699713984028023 0.049956959910469036 0.04162377960938113 0.06268911625965212 0.0 0.06043910748198026 0.07490497852618838 0.08563770929895786
adenovirus 0.08711499557312868 0.043845832957650085 0.06682335715441717 0.08888544018744543 0.06043910748198026 0.0 0.1052080246444173 0.037134925365243605
U18337.1 0.0654396587496689 0.06862140373028158 0.06859829458295177 0.06883147879478159 0.07490497852618838 0.1052080246444173 0.0 0.12746568792428764
herpesvirus 0.1158045761673299 0.0698193235172683 0.09495828943104613 0.11516530044457703 0.08563770929895786 0.037134925365243605 0.12746568792428764 0.0
