8
Lactococcus_phage 0.0 0.023872605913264212 0.016587428536076324 0.019666819540625838 0.024839493748698146 0.033286865307099574 0.02710132805446767 0.044102288791730025
KM389305.1 0.023872605913264212 0.0 0.01880504280984147 0.025239558172033827 0.021459578571017116 0.019573850858554294 0.027722653119520393 0.03007961006806792
NC_028697.1 0.016587428536076324 0.01880504280984147 0.0 0.019673486584062462 0.02013989856243944 0.026958744302834396 0.028371055407649833 0.037661080484424944
KC821626.1 0.019666819540625838 0.025239558172033827 0.019673486584062462 0.0 0.026842603882657946 0.03391204723655257 0.02926248683831094 0.04392147138011629
coronavirus 0.024839493748698146 0.021459578571017116 0.02013989856243944 0.026842603882657946 0.0 0.0244406658132535 0.029148639433231427 0.03452822003436481
adenovirus 0.033286865307099574 0.019573850858554294 0.026958744302834396 0.03391204723655257 0.0244406658132535 0.0 0.03847453437068782 0.018588266208494436
U18337.1 0.02710132805446767 0.027722653119520393 0.028371055407649833 0.02926248683831094 0.029148639433231427 0.03847453437068782 0.0 0.04711435749361373
herpesvirus 0.044102288791730025 0.03007961006806792 0.037661080484424944 0.04392147138011629 0.03452822003436481 0.018588266208494436 0.04711435749361373 0.0
